4.370594037443624805e-03
5.236236175215564295e-04
-1.530200393875319302e-03
1.788385486674332753e-04
-1.075777469771581861e-03
-4.522650945701788168e-04
-4.197293600213013241e-04
-1.175667373605968676e-03
2.020614337029204895e-04
-1.750199211861908685e-03
4.828053733558501388e-04
5.647921229981144563e-03
8.626361806323278470e-04
-2.096442838315525949e-03
2.401798881341904099e-04
-1.538388715438251085e-03
-9.152578874255174520e-04
-2.095557692481227966e-04
-1.248558677926312616e-03
2.272302555818724295e-04
-3.256936552901483701e-04
1.229016735729328031e-04
2.986298270224336041e-03
6.968824857676648218e-04
-1.758279574226792163e-03
2.333962921281006533e-04
-2.018026749437221070e-03
-2.283197911089528739e-03
1.291962949732009414e-03
5.557288377118750362e-04
3.871377981129865784e-05
-8.646244249051247919e-04
1.264192345188687450e-04
5.348413846964748114e-03
1.407504526065626350e-03
-3.028942918522695149e-03
3.676503812630317440e-04
-3.334154260195828622e-03
-4.243129524494467820e-03
2.464301486890365604e-03
-1.074398113113226531e-03
2.173405383182635577e-04
-2.068948142010566642e-03
2.083733006367702312e-05
8.068141566417070393e-03
2.087547161782807564e-03
-3.363092031014873647e-03
2.960388843510262068e-04
-2.044873964204483186e-03
-1.254786776457933462e-03
-7.944274961584035354e-04
-3.339537731430198587e-03
4.747766919121140794e-04
-4.309528211856539226e-03
-3.925635020632037980e-04
1.713428958254387124e-02
5.198447303693986762e-03
-7.932711895002346816e-03
6.657918195469335679e-04
-6.119894977143744245e-03
-1.066991583242168744e-02
4.439106900896221293e-03
1.835025327091925488e-03
2.161348953733108549e-04
-3.931260827710818945e-03
-9.890162888051166543e-04
2.346576582538964506e-02
8.699918353899511320e-03
-1.265639445713609250e-02
8.972167004639240023e-04
-9.273609574645902409e-03
-1.077504385373165632e-02
1.121670799740074687e-03
-8.470677521343755734e-03
1.314092043782558519e-03
-1.566791042339897577e-02
-5.410081506956428837e-03
8.119284553167310792e-02
3.376440014640851028e-02
-4.660977055263564039e-02
2.833632882020306609e-03
-4.125158755154319928e-02
-6.872216065714005506e-02
2.519605139323082693e-02
1.104473996236293373e-02
1.608713700613259578e-03
-3.567029042818420370e-02
-2.153627224503876225e-02
2.858010074546201706e-01
1.538063508844509930e-01
-2.299282572001511427e-01
1.079609994465419165e-02
-2.830099549139351578e-01
-7.096669989847830262e-01
4.051565704633013354e-01
8.201183528425556313e-01
-3.848303598992774965e-02
3.949275414037621834e-01
1.843775390932950731e-01
-1.339193536093247427e+00
-5.843677433919919340e-01
6.153039068899071040e-01
-1.005589769889281282e-02
4.363457884021388344e-01
9.323005509983173233e-01
-3.747783101299397290e-01
-6.388031431731915344e-01
1.552972065462371321e-02
-1.351717807691478757e-01
-4.018409723127145533e-02
2.233060507080490004e-02
-9.186613093709704303e-02
1.907077960438021136e-01
1.686716344328403894e-03
2.759659279132624654e-01
8.520380330195382879e-01
-4.031715623855711694e-01
-1.017064384187308823e+00
1.972872848077522612e-02
-4.120868356404644439e-01
-2.840060357833185667e-01
1.415846159217347688e+00
7.041093800410052062e-01
-6.068838588314875437e-01
-1.691266360126131296e-02
-3.317010181712218841e-01
-7.636026087309450983e-01
2.154731045015547131e-01
3.775517841723552981e-01
-8.169222412270499278e-04
-3.954748462733730357e-04
-5.207144312594872565e-02
4.487100867352116218e-01
3.668294139323082792e-01
-4.037843993539079746e-01
-2.776503964810328462e-02
-3.526301677020439729e-01
-1.166308292983139872e+00
3.968653912484348956e-01
1.208304290420967320e+00
1.250184250811892106e-02
3.699121729065917852e-01
3.340708431782853371e-01
-1.198993171048357453e+00
-6.477526846779286807e-01
4.419898055347236676e-01
3.102552743461886586e-02
1.603170166615072723e-01
3.431595828595566111e-01
-4.211618790245304222e-02
3.626453466790004881e-02
5.419057985640921005e-03
1.079802019446050587e-01
1.673025022537880102e-01
-7.285037813750476765e-01
-5.565806819002629968e-01
4.619085748801606273e-01
5.884594162850870225e-02
2.909265465199049050e-01
1.089842503693114972e+00
-2.568800660326330809e-01
-1.050360593462324355e+00
-4.306664100282742158e-02
-2.649479197461903635e-01
-3.287568739385063332e-01
9.949497468224106633e-01
6.728803350883136858e-01
-4.498552200751775865e-01
-6.646951203830026023e-02
-2.198926772308839039e-01
-8.784474916445388359e-01
1.688331897773472923e-01
8.690172470184182041e-01
5.222015141652114334e-02
2.219966286785002296e-01
3.407744672206335368e-01
-1.008256816657539190e+00
-7.844755292076427411e-01
5.182595080332264015e-01
9.926717272668622583e-02
2.484996709217254240e-01
1.095568413027842025e+00
-1.576678960723206790e-01
-9.792089216272732433e-01
-6.878636593146125744e-02
-1.765896659536466129e-01
-2.569753268689845549e-01
5.356001370011920226e-01
3.093396809494254884e-01
-1.045092705599772187e-01
-4.172464401876347165e-03
3.045607414432612015e-02
3.445467227999775006e-01
-5.651315734077257125e-02
-6.964060241686880204e-01
-8.100113369374184469e-02
-1.981097858504690390e-01
-4.366661535003848460e-01
1.136185370927941252e+00
1.036581101668771598e+00
-5.937349552172118683e-01
-1.618184050268074436e-01
-2.246743589506509098e-01
-1.196499060116310797e+00
6.970950482795146286e-02
9.474280124882519249e-01
8.999914039289697021e-02
1.095223729924270778e-01
1.704514414796036159e-01
-1.922142592226162294e-01
1.397418810951196083e-17
-9.352794194444256914e-02
-5.956821280709952149e-02
-9.577672207957266259e-02
-7.977118862008707456e-01
2.040937699166902805e-02
1.085262228070511092e+00
1.593570919946201148e-01
2.016411274112325791e-01
5.511733839906887145e-01
-1.135282307231688659e+00
-1.111040945326855489e+00
5.134411705078899546e-01
1.793982282931644023e-01
1.347996688005313470e-01
8.657889187122536079e-01
1.513223407624569861e-02
-5.340871955277223249e-01
-5.413141599344553634e-02
-2.252954904461146324e-02
1.327506536879956983e-02
-1.804008108437392399e-01
-3.510291775881203558e-01
2.230677249667331330e-01
1.233470012209436362e-01
9.257103546844236419e-02
9.151713256787610273e-01
6.427857539130135689e-02
-1.065405802725319706e+00
-1.950708448576184972e-01
-1.373985576568195754e-01
-5.016359788699576994e-01
8.828414969282822877e-01
9.917095052290014756e-01
-3.991166687422080250e-01
-1.951642749868942317e-01
-8.948702313261414076e-02
-9.131900551875526961e-01
-9.597827713408939310e-02
8.849971059416438246e-01
1.751349472662940832e-01
9.343924882732629333e-02
4.132332580364583841e-01
-7.039039603300106807e-01
-8.972419896955574625e-01
3.556342500395929251e-01
2.159710985149733420e-01
7.762077256790256286e-02
1.048751954160847433e+00
1.631814324781804548e-01
-1.114143549652552689e+00
-2.474821611013391931e-01
-9.680293957877339484e-02
-4.883193640621599219e-01
7.015783984269551299e-01
8.322506251543178024e-01
-2.487414812500434169e-01
-1.339672306319674155e-01
-2.319636131121313727e-02
-2.208559396166809019e-01
-6.753069087045801555e-03
-1.643076612443888362e-01
-9.080608982191176737e-02
-4.144904558779663462e-02
-3.631930827329550304e-01
6.439987886984381849e-01
1.064799577510657569e+00
-3.774139326296386820e-01
-3.163924882614834178e-01
-5.226037233610225652e-02
-1.264790587203266314e+00
-3.041476011977014560e-01
1.249321166204720557e+00
3.203585803050034708e-01
6.153130239589799100e-02
4.523131529777576487e-01
-5.004374048534668828e-01
-5.814414172750828058e-01
1.101582974547177934e-01
4.624914598601215232e-02
-6.407252482343341049e-04
-2.064918927895594281e-01
-1.098677315509897223e-01
5.619667399484555848e-01
2.144241414253495737e-01
3.661226375503745523e-02
4.763479631054232111e-01
-6.501093082978183224e-01
-1.135547761440170778e+00
3.017732945636576458e-01
3.219543111943587443e-01
1.060042945067163345e-02
1.013770530864790631e+00
3.338842521536559138e-01
-1.004763823612085494e+00
-3.199227378900634799e-01
-2.756459030930019649e-02
-4.630628811776660858e-01
5.269660296829760116e-01
9.259134237235063791e-01
-2.098833077054920171e-01
-2.624244032148096428e-01
3.420062742691243329e-03
-8.229141764823146854e-01
-3.321812483642886393e-01
9.495914046154934063e-01
3.584042570979711906e-01
1.664516681128308528e-02
5.615313206347065655e-01
-6.259335731664905644e-01
-1.235402152766829964e+00
2.440349958931377627e-01
3.516704223522950645e-01
-1.671660645610117957e-02
8.552621819266164049e-01
3.351486894162902797e-01
-6.938731018526494987e-01
-2.160802213590513055e-01
-1.216296028100527504e-03
-1.106065762744949527e-01
8.793201959574496740e-03
-2.058521629294971789e-01
7.312080558565688115e-02
1.977692645328880672e-01
-2.078813766807674490e-02
8.141760201244296891e-01
4.622723417691416148e-01
-1.120756609086133171e+00
-5.124690143970763723e-01
1.153305000528559443e-02
-6.873041934987351720e-01
6.326756205679419098e-01
1.399411536125078737e+00
-1.834807590916597286e-01
-3.687469695717813245e-01
3.298143108586465422e-02
-6.233859276916536851e-01
-2.575903153484671027e-01
3.359416500012080697e-01
7.256846090933355420e-02
4.531912869157692786e-04
-1.076900006947537347e-01
1.707723891624842172e-01
6.151651240252160591e-01
-8.737845066505198210e-02
-2.990947560468151245e-01
4.122333153810447959e-02
-8.230291310093498236e-01
-5.277550963956476604e-01
9.912629720430208291e-01
5.033211800338462938e-01
-3.270609856116218905e-02
5.674740205294197537e-01
-4.426472521089233059e-01
-1.216766154666659716e+00
9.939438935408506648e-02
3.882379978033679846e-01
-5.147893424749083735e-02
7.708559525813353241e-01
4.995539366130067882e-01
-8.109400611648909241e-01
-4.319371092509328713e-01
3.395305548723021039e-02
-4.501197556404047950e-01
3.243086237244562353e-01
1.016888693610891403e+00
-5.636032317583189455e-02
-3.580989242742774747e-01
5.305918277279814133e-02
-7.202920802559854563e-01
-5.332753143214733482e-01
8.207448541023318889e-01
4.830390429428085275e-01
-4.408331421974276410e-02
4.855957898688246233e-01
-3.168562584281913175e-01
-1.111300461658843997e+00
2.901155708478991846e-02
3.936349620216481604e-01
-6.009322401128869284e-02
7.203359805070806976e-01
5.675108022215787917e-01
-7.941385415457575814e-01
-4.977264090257733642e-01
4.904958089086935979e-02
-4.628650485185799024e-01
2.689311268979886482e-01
1.069197988684937428e+00
3.114813669229166138e-03
-3.896215167584181627e-01
6.113675257711947975e-02
-6.757977337299168052e-01
-5.822397773949842259e-01
7.588738903231669886e-01
5.165260712139401189e-01
-5.417838730299745498e-02
4.593797475280845255e-01
-2.373720344817019101e-01
-1.095911409237992906e+00
-3.553976491487259581e-02
4.148254145720095543e-01
-6.583350164411533312e-02
6.825557868480119916e-01
6.389185664997595326e-01
-7.717666148400866843e-01
-5.649594739845453795e-01
6.080008627716698699e-02
-4.675717900238278157e-01
2.072678031027878065e-01
1.110379971200159854e+00
6.812712836872963917e-02
-4.172553328229080538e-01
6.450430117996058810e-02
-6.248657925235872046e-01
-6.237717707466997608e-01
6.911152394406834265e-01
5.416594363348794516e-01
-5.887164645286807607e-02
4.245897127574740915e-01
-1.612753173915087712e-01
-1.065923932945534780e+00
-1.001044984792782977e-01
4.374293549865252984e-01
-6.873592887395268969e-02
6.698268081994623868e-01
7.531087649313487065e-01
-8.042598797324238546e-01
-7.004032472499819306e-01
7.709967941229223243e-02
-5.294625346045614966e-01
1.616062295972970908e-01
1.295838823124850547e+00
1.532860777127958984e-01
-4.730856288845154967e-01
6.393544498441311452e-02
-5.257269101833126346e-01
-5.251932374557639616e-01
4.012506952010813643e-01
2.596322252381295104e-01
-1.492265940159649695e-02
1.024067657729265182e-02
1.886826736213083333e-02
4.380001735260959927e-01
1.022696552562559202e-01
-3.598155034081503278e-01
6.125395878239792147e-02
-6.523225038373897666e-01
-9.207865802916652687e-01
8.860233168154638683e-01
9.166481730426054853e-01
-9.548616479050398009e-02
6.032223655280610775e-01
-9.359671665167440535e-02
-1.408187689124438258e+00
-2.348428231629855201e-01
4.548424835664703902e-01
-4.815816769273173481e-02
3.366264015033095247e-01
3.003852897409406975e-01
-1.134329483764014573e-01
2.303200763316314362e-02
-1.574780433600186935e-02
1.798884295014434587e-01
-2.176195046666912214e-02
-8.451705062493561904e-01
-2.153372379596145136e-01
4.677558880474611547e-01
-5.979101610763004615e-02
6.010703690172352065e-01
9.106773475075711222e-01
-7.051805606110272961e-01
-8.167816739271706039e-01
7.288924820385744852e-02
-4.542127242159597067e-01
3.530235132400472153e-03
1.174672611495449548e+00
2.863487740131050452e-01
-4.787111635118289077e-01
4.948320346347240273e-02
-4.925588241924668265e-01
-7.757794228678720483e-01
5.506641543821796381e-01
6.980726412320614749e-01
-5.841310119423570590e-02
3.848954768575231222e-01
2.857559836514955709e-02
-1.102727561271962919e+00
-3.164359887772312252e-01
4.872305992686670750e-01
-4.434468776505184895e-02
4.841872772169750760e-01
8.215183149463295420e-01
-5.324023433432955033e-01
-7.225339929481635615e-01
5.304886015245408037e-02
-3.571858485352186752e-01
-5.619496126808859460e-02
1.016389836326101692e+00
3.260343831184915331e-01
-4.566874987067755520e-01
3.486543122356983160e-02
-4.497229138949850880e-01
-8.564139516261284335e-01
5.344586160850234302e-01
8.331636887190139173e-01
-5.597754995771320186e-02
4.225261079111958251e-01
1.076234672998718778e-01
-1.302396147549223393e+00
-4.651952556236149117e-01
5.795094629467306691e-01
-3.232003163866931095e-02
4.774431908149414650e-01
8.884268668180599349e-01
-4.449189188882820556e-01
-6.428097410003994483e-01
2.915137363242026325e-02
-1.841049235132596329e-01
-4.317659319598880774e-02
1.937444240480325486e-01
-5.823089091894818620e-04
8.977190788041772285e-02
-6.707762438145387085e-03
2.157128410626331649e-01
6.017834034861230252e-01
-3.641229927160372082e-01
-7.601155508046804066e-01
3.619182530017350796e-02
-3.733193946359916193e-01
-1.743454781841877743e-01
1.269532190528207760e+00
5.531177689609358961e-01
-5.867418960896595426e-01
9.760955014943895058e-03
-4.379403516152234888e-01
-9.897127707742257030e-01
4.347453132466778669e-01
8.490397901611048681e-01
-2.542880880569065027e-02
3.086278487307662077e-01
1.680793728174902468e-01
-9.771383546268792575e-01
-4.612977392328548865e-01
4.598126211945834929e-01
2.749821941052499330e-03
3.503667513042600379e-01
9.125119141886305352e-01
-3.836103234787493488e-01
-8.913813434235841049e-01
1.635267124882611167e-02
-3.283981663977819654e-01
-2.213108005091192210e-01
1.096833744959535561e+00
5.492668994596138221e-01
-4.830855618293171116e-01
-1.395213053787497381e-02
-2.894623669744454397e-01
-7.267108760121310240e-01
2.353621512849060071e-01
5.234721527389760709e-01
-1.877080934162389525e-03
1.181010565276972568e-01
7.249105230675625955e-02
-2.240202310201058478e-01
-7.726050099984244079e-02
2.996234324234646820e-02
-2.350498933847457173e-05
-1.583359892135392105e-02
-8.281815305360018531e-02
3.401592406843336608e-02
1.085692612293342740e-01
1.139290502740253341e-03
3.276736324822322743e-02
2.766634828463308826e-02
-8.910119773531577358e-02
-4.095073840569372209e-02
2.176668933956778587e-02
9.711765200536891587e-04
9.982653049284903601e-04
-1.261649549278107650e-02
6.889051160372848016e-03
3.151799088789779268e-02
9.055982769673107113e-04
1.016923183464483495e-02
1.024132769702701742e-02
-2.915732323903182099e-02
-1.344992233094195050e-02
5.275287139823193854e-03
5.094950240536584790e-05
-2.301563428742085197e-03
-1.280663390828561468e-02
4.532177689851119885e-03
2.319463965156499247e-02
1.077441546110034093e-03
6.980959980335525554e-03
8.544794779348274805e-03
-2.380255199869916322e-02
-1.361264644267624196e-02
6.817105229661194962e-03
6.060824384740925129e-04
5.960592387037533984e-04
-2.982458170892547840e-03
1.445817422125853218e-03
1.070874102903413699e-02
7.542362653943620113e-04
3.317283012269779674e-03
4.780637038121544023e-03
-1.211235697728463116e-02
-7.245120398457849040e-03
3.114066721243161084e-03
5.858864487143387780e-04
5.679208186573998698e-04
-1.493820970449762737e-03
7.815458454745636500e-04
8.265041049285130545e-03
8.125834029726417690e-04
2.673650643855171941e-03
4.780026200924547553e-03
-1.212143142194275700e-02
-8.809677402216439107e-03
4.339712208244776367e-03
7.150096612962750751e-04
7.493800613671557261e-04
6.825566847390007047e-04
2.384145547924049939e-04
4.728026841160212421e-03
6.371167685000102276e-04
1.609101274943954690e-03
3.426754858520216027e-03
-8.169101318024455521e-03
-3.519351929310572495e-03
1.436028019360885075e-03
2.203624556554987807e-04
5.247557231521078158e-05
-1.158344192182121516e-03
1.576466253332673741e-04
3.500105994925493437e-03
4.840339577720570094e-04
8.314753978428131949e-04
1.908208141084507571e-03
-3.945626533335350530e-03
-3.131154219213409286e-03
1.235899538244178333e-03
2.456783524838072668e-04
8.821936926522359976e-05
-5.908179972292246446e-04
3.528101506455947993e-05
2.530575066800438196e-03
4.260530380316433947e-04
5.677870422190785379e-04
1.539111769761250742e-03
-3.103998241948260212e-03
-2.777892881921448752e-03
1.072110395923866859e-03
2.632074902945270942e-04
7.887023510675999702e-05
-5.668170386514547084e-04
-3.708111936129135816e-05
2.821386249049921691e-03
5.782776787803033201e-04
6.197025277594728123e-04
2.065989547379189564e-03
-3.937082881726537871e-03
-3.862321145293124910e-03
1.429436562233407258e-03
4.368087161588514152e-04
1.303855725834462661e-04
-2.930502462072167723e-04
-1.137980845248304370e-04
3.179692829262164167e-03
1.261437737793783551e-04
2.057908532198725955e-04
1.131331306987980786e-03
-2.541921313101709427e-03
-3.288060212938644783e-03
1.398338766422451383e-03
6.602868139652976701e-04
2.600845702607841765e-04
1.874752097798582963e-03
8.143726977975264143e-05
5.514652667750662368e-04
3.888258656650890686e-04
3.515352967368385933e-04
2.092978445603637001e-03
-4.207733274810309017e-03
-5.751168030070306567e-03
2.253453447960667572e-03
1.250012455656820216e-03
3.749314600227909161e-04
3.719365045576731709e-03
-2.129387027425913321e-04
3.204592915789778243e-03
1.072258480870347643e-03
5.433221112797453466e-04
3.253840348851811184e-03
-5.206610638393322117e-03
-6.486056193830557967e-03
1.894015744572957955e-03
8.744965467544595214e-04
8.216506067930807837e-05
-1.250588542569703969e-03
-8.232022961210164712e-04
7.383469997495255809e-03
2.558820054103441190e-03
9.436368391745240079e-04
7.106990554358838877e-03
-1.095736864940186246e-02
-1.554680777583460939e-02
4.568226874996143133e-03
2.974784068989879196e-03
1.902445021407955274e-04
5.072405853594132326e-04
-9.489433218125436793e-04
8.682654499698004916e-03
3.567729179887389225e-03
9.684208741181504765e-04
9.426782156898416004e-03
-1.331095785142223133e-02
-1.939894920116051746e-02
4.652973767428157832e-03
2.750573266197452182e-03
6.044433974603706863e-05
-6.889791055753229435e-03
-5.182501436985868445e-03
3.145068883746356125e-02
1.353102084777706160e-02
2.529185295429219049e-03
3.513827261718845130e-02
-4.988735581829094323e-02
-8.780710621469908772e-02
2.152211638725115561e-02
2.066049877437320034e-02
5.420898326440257153e-04
3.074068866345832512e-02
-1.681176172296676755e-04
4.397160541542265155e-02
3.255837647468154405e-02
4.857297475035188272e-03
1.238517624733362632e-01
-1.969762304566472222e-01
-4.545731037988032242e-01
1.285148767256894808e-01
1.915727051867900932e-01
-2.860804571431840859e-03
7.620540176253807196e-01
3.307702667471119073e-01
-9.926013638774227044e-01
-3.857476230576902254e-01
-1.816670463365149812e-02
-6.140741496956149126e-01
6.814653047791455753e-01
1.316213733733214930e+00
-2.544082528861592585e-01
-3.565530637538601999e-01
1.637203097792594431e-02
-8.020023789335996023e-01
-2.968587518460090724e-01
5.665667593367175181e-01
1.541800998175887338e-01
6.422029536455320375e-04
3.384141143489518676e-03
1.054183134725705934e-01
4.505892286587973583e-01
-1.137141223494281539e-01
-2.662094012578911095e-01
2.570315934993328000e-02
-9.489719929622159045e-01
-5.148196850747551734e-01
1.201802292876850808e+00
5.315168383597599355e-01
-1.163080218074596939e-02
6.727583653639671590e-01
-6.008236493337760775e-01
-1.286640248923361707e+00
1.626374287374505179e-01
3.127457377793382287e-01
-2.639914033293216944e-02
4.582358289158169895e-01
1.629925806608206462e-01
-1.455643364208213386e-01
1.429888718953681824e-02
-4.246683723655081399e-03
2.007226926173590609e-01
-2.433958863560540253e-01
-7.767480809979754319e-01
1.027133602221888820e-01
3.349494197002194085e-01
-4.454772542006990577e-02
8.651872298436622533e-01
5.427195350890875458e-01
-9.981093420606605982e-01
-5.030406977587873474e-01
3.232961305188891687e-02
-5.563249866078141537e-01
4.315334060785604997e-01
1.182722318615620383e+00
-9.657649652875827107e-02
-3.779986060388780822e-01
5.033049890401530835e-02
-7.580949342066642949e-01
-4.947308749695259467e-01
8.090976962594844668e-01
4.340427108970429382e-01
-3.432963981536463205e-02
4.572300595734249962e-01
-3.303383573731084599e-01
-1.036519692275125415e+00
5.737397373550762181e-02
3.634288008986026330e-01
-5.361122359302589180e-02
7.268355576998685175e-01
5.307831868751425874e-01
-8.124252330062541327e-01
-4.759986753304045748e-01
4.330867474185629007e-02
-4.764627955198260101e-01
3.111281118587122529e-01
1.094283597710228095e+00
-2.870434264754823106e-02
-3.920037973024529387e-01
6.031145880790989011e-02
-7.291241068935561120e-01
-5.793756943926042791e-01
8.171857493261047711e-01
5.155410862705545050e-01
-5.103646240197601269e-02
4.825670079384046240e-01
-2.801006030975603522e-01
-1.108975336170865411e+00
-3.207112331763128932e-03
3.955085418513663575e-01
-6.128684392955946469e-02
6.680993673959094714e-01
5.675885660562137724e-01
-7.303246110529871826e-01
-4.919953560641704970e-01
5.127598475491335073e-02
-4.341977268314538563e-01
2.253973110048310691e-01
1.052056944453351406e+00
3.470521099750162319e-02
-4.143123153035244144e-01
6.753750893330767724e-02
-7.211994596892635778e-01
-6.959778371187070878e-01
8.658859587715292960e-01
6.509809925953967680e-01
-7.160341183147633792e-02
5.589713690695188308e-01
-2.492860265964815525e-01
-1.319757589982762269e+00
-7.942934739224705165e-02
4.690641808751022657e-01
-6.843429871556699906e-02
6.087007708031068054e-01
5.380915214490120668e-01
-5.022015273582346451e-01
-3.077129689289184733e-01
2.301200018336579944e-02
-8.531840923636946350e-02
9.334699426830725833e-04
-1.985149063613544373e-01
-3.673817698065708071e-02
2.316695276710501183e-01
-4.600251360865043049e-02
5.248388664005937398e-01
6.570200620960140458e-01
-7.542161220275795941e-01
-6.884714630481766351e-01
7.803841272112221894e-02
-5.418995879657955150e-01
1.673150161150160353e-01
1.356312756355814164e+00
1.629843888386995343e-01
-5.167920784718079696e-01
7.315503122530564450e-02
-6.493574374962227669e-01
-7.332194321455768327e-01
6.804711948951615019e-01
6.054757716270741108e-01
-6.281265403277075388e-02
4.084714235227550061e-01
-9.646498960358018682e-02
-1.068206582672426297e+00
-1.688532706659662541e-01
4.648762353796786484e-01
-6.722090527187268849e-02
6.410376855324166900e-01
8.400933235359779871e-01
-7.698607702644907347e-01
-7.723720304438870254e-01
7.858590458530889666e-02
-4.919732828485862686e-01
7.609530714246587335e-02
1.144836566350313278e+00
1.909525227137244818e-01
-3.685297233841295372e-01
3.847805119380259820e-02
-2.583349736904075322e-01
-2.038796367897043327e-01
3.661542394971222664e-02
-1.083061362837234032e-01
2.490215400927855982e-02
-2.468995054583138782e-01
2.852872093111644136e-02
1.089286040090808427e+00
2.758575209727974209e-01
-5.976843842796939477e-01
7.614646539951319681e-02
-7.599488869703546756e-01
-1.135108042002394235e+00
8.605745349595887994e-01
9.585390975658921731e-01
-8.063050078240341367e-02
4.608620695441608683e-01
-3.163077845290740431e-03
-8.797695724045346832e-01
-1.645023964121302418e-01
1.802381454419244855e-01
-8.015944627863549887e-03
-2.934802643370983816e-02
-2.152713367594934479e-01
2.650801507312215421e-01
4.626991596835332010e-01
-4.768040912920201713e-02
3.615189106461321744e-01
2.949367470886743448e-02
-1.209844932168383957e+00
-3.600348108967489358e-01
5.642457402238033604e-01
-5.153182487955054736e-02
5.607025359397761477e-01
9.368700406260195290e-01
-5.946589121364358466e-01
-7.880030536597886215e-01
5.645213522389702643e-02
-3.714505253880300284e-01
-5.731230078939264505e-02
1.021801189151667622e+00
3.250058033062694363e-01
-4.540450016160233471e-01
3.474118955109617435e-02
-4.506079160270448636e-01
-8.641365944653206510e-01
5.429368292660723405e-01
8.507299341660676806e-01
-5.730241896956334013e-02
4.322483435262006735e-01
1.096500474806419434e-01
-1.316805438376093873e+00
-4.680759503850032699e-01
5.762549397982354993e-01
-3.151566420144097380e-02
4.541564748773931348e-01
8.190622650313865716e-01
-3.940028570908596928e-01
-5.392124841586578565e-01
2.258594630810811799e-02
-1.245830953853164780e-01
-2.132222293342023872e-02
-5.798902447207199967e-03
-7.848515865851216078e-02
1.762436926253805047e-01
-9.742801263471656537e-03
2.748872188032889241e-01
7.104330021349191115e-01
-4.082939870028958751e-01
-8.209632201430248077e-01
3.799262152432514306e-02
-3.833968051811328381e-01
-1.772377443453118651e-01
1.270129877491053438e+00
5.483895825327892437e-01
-5.783976797939005543e-01
9.595769381912644391e-03
-4.304714602511162114e-01
-9.747405322011141182e-01
4.296001914878992967e-01
8.421776511525814746e-01
-2.530250829300162430e-02
3.074971425915514200e-01
1.672008103350859920e-01
-9.670273049381030717e-01
-4.524632859586193434e-01
4.454994299637293764e-01
2.625468595615687573e-03
3.293329999520633322e-01
8.449467406825039717e-01
-3.507047111881653745e-01
-8.076920706366761404e-01
1.476452151025242632e-02
-2.984727553877413175e-01
-2.033675143678486119e-01
1.028633161897149595e+00
5.314639204703808240e-01
-4.883577296739328166e-01
-1.495001081532226772e-02
-3.342536306574959148e-01
-9.217869165878954663e-01
3.353139243464030028e-01
8.599397845697229759e-01
-3.670537467359014094e-03
2.861075224351781188e-01
2.294575490746912638e-01
-1.001321101420984849e+00
-5.565435065550976557e-01
4.725392938546335575e-01
2.697387360023617564e-02
2.990225087165299112e-01
8.967630953883186651e-01
-2.832172265918578291e-01
-8.297528537493246148e-01
-8.462246337074041946e-03
-2.542097914904800637e-01
-2.397822304920969594e-01
9.273966831958099233e-01
5.598685902241098411e-01
-4.463097067533901008e-01
-3.880983893656608785e-02
-2.706974297349428737e-01
-9.089558703803422013e-01
2.566659224535801642e-01
9.032127568614347624e-01
2.368396512935566633e-02
2.716481992030908010e-01
3.075526267018269810e-01
-1.090609363271976884e+00
-7.220013717025091093e-01
5.400113531374937104e-01
6.361503691015729656e-02
2.955941113150497013e-01
1.049886056284095037e+00
-2.359259109091180751e-01
-9.125002300958935386e-01
-3.495108093134663418e-02
-1.964000159344749807e-01
-2.145399087998388910e-01
5.380718799984138823e-01
2.710154314603667736e-01
-1.070071525560065684e-01
-3.266568462282459784e-03
3.434628981567879741e-02
3.226476355321825085e-01
-9.647303455084473012e-02
-6.573456204667976754e-01
-4.768260611450397812e-02
-2.300684190050783784e-01
-3.834221467418366114e-01
1.191281822837670923e+00
9.486740607026038496e-01
-6.251163716412035942e-01
-1.181378700591055320e-01
-2.867564580150778752e-01
-1.213676032934194460e+00
1.653789761811034209e-01
9.563079980751130194e-01
6.108423638718118998e-02
1.371169342733031815e-01
1.612695603371884501e-01
-2.184332014608206252e-01
-6.790700848883123725e-03
-9.851100593819211992e-02
-4.549830983529887241e-02
-1.261072905660270971e-01
-8.166420083919603279e-01
1.040340208759708424e-01
1.094106996759834027e+00
1.132456213346101359e-01
2.518626131951857139e-01
5.108364540785179653e-01
-1.230730144756923883e+00
-1.042299668022274250e+00
5.537920723616753804e-01
1.394475467212400177e-01
1.774804649385226529e-01
8.545130064876415021e-01
-4.392610332989333594e-02
-5.028206042136751375e-01
-3.621152764230406440e-02
-2.341532358569835617e-02
2.185249067658816616e-02
-2.093999241563088143e-01
-3.354071834691026432e-01
2.415441342446445483e-01
9.692821289491088121e-02
1.240366468515309295e-01
8.940772703380411857e-01
-2.064756259282709769e-02
-1.017062010318259713e+00
-1.409790096437744111e-01
-1.722582323830576523e-01
-4.583990302138675199e-01
9.388354946125886391e-01
9.245176903793119738e-01
-4.388198134883002366e-01
-1.614913743649598610e-01
-1.319233691060222591e-01
-9.599793006502327364e-01
-2.011254053456585852e-02
9.255011514713238352e-01
1.416301838928650247e-01
1.281885127651706535e-01
3.961324103405415853e-01
-7.604584383262484870e-01
-8.194738208698320037e-01
3.706976535735050926e-01
1.635439381811978898e-01
1.046846019019848639e-01
9.227271710693518703e-01
5.965622650453188125e-02
-9.325685204757219182e-01
-1.641785609776966748e-01
-1.137566353615237780e-01
-4.115717335217081718e-01
7.266597221034825083e-01
8.280450000129356836e-01
-3.414529951988819478e-01
-1.725576630243421117e-01
-8.232420938143053535e-02
-8.778354271959385446e-01
-9.652168863384195940e-02
9.290130008973895848e-01
1.908306063013675558e-01
1.047949436577538251e-01
4.721219758479593964e-01
-8.101564037774424687e-01
-1.028882411070485281e+00
4.021738779137316588e-01
2.386724013281713019e-01
8.315938588581583968e-02
1.081544693526927947e+00
1.608934691771051195e-01
-1.036357034292209933e+00
-2.169917745504646445e-01
-7.926759078825731941e-02
-3.685364061632798727e-01
4.779357422554546542e-01
4.932293520980096102e-01
-1.187622465293102364e-01
-4.147357560911586055e-02
-3.488010181622413879e-04
1.615121893499031347e-01
6.438313447432841841e-02
-4.990895531838009935e-01
-1.615401350270999070e-01
-5.793194296060766302e-02
-4.380998464136095505e-01
7.005696428966444733e-01
1.071415756124579177e+00
-3.573184878899949291e-01
-2.856504961540101695e-01
-4.553987664560721349e-02
-1.083210837794377213e+00
-2.582836348066449572e-01
1.070568236517162486e+00
2.833537202991327497e-01
5.789117372806301676e-02
4.716641531600571091e-01
-6.130228008148936869e-01
-9.133813635667040742e-01
2.581539628729248581e-01
2.322821331831696201e-01
2.094555600259451200e-02
8.364973404394968615e-01
2.510509707738817209e-01
-9.425168137346644492e-01
-2.972383915147899236e-01
-4.487361980416110230e-02
-5.382170180927053904e-01
6.951640065569504312e-01
1.159494801152650245e+00
-2.984559526513973493e-01
-3.086170708371732685e-01
-9.785484605797645230e-03
-8.885977571369513273e-01
-2.712967395420253780e-01
7.284636086169049562e-01
1.946246436491099185e-01
1.264216228306588863e-02
1.273669378174087652e-01
-3.235969145865791319e-02
1.601478926361811495e-01
-8.684225646477554406e-02
-1.690362130716363542e-01
2.900809309577145889e-03
-8.346389896275038245e-01
-3.775747133757566543e-01
1.154095967761467723e+00
4.495881529772125518e-01
2.097225178362571718e-02
6.917404179204607040e-01
-7.447957148805599559e-01
-1.389498744427815069e+00
2.574377858362819627e-01
3.427279887900381294e-01
-1.476881728903689517e-02
6.663738471935301000e-01
2.196255069071794130e-01
-3.456298977749593382e-01
-5.931413030535027942e-02
1.377762283093601769e-04
1.244454644643534641e-01
-2.219984663065849295e-01
-6.548207997810100434e-01
1.390177712603082316e-01
2.918145544457383944e-01
-2.602908784471080761e-02
9.034786502283260745e-01
4.665578153453919796e-01
-1.047713526529379768e+00
-4.533891209717099136e-01
9.728699089746273287e-03
-5.609980365902154098e-01
5.083995854030000094e-01
1.130833658386368956e+00
-1.531894822237949150e-01
-3.294877565674638187e-01
3.304236298326412857e-02
-7.460318652876112289e-01
-4.036060429227597557e-01
8.028981199791151990e-01
3.780498143039527914e-01
-1.773625892217095545e-02
4.850918966237058871e-01
-4.373327504685139422e-01
-1.162380214331430572e+00
1.364611572529483285e-01
4.107436090142713159e-01
-5.163749695012165297e-02
9.608381171990838521e-01
5.844220069175480869e-01
-1.037917784953433120e+00
-4.996366525703841432e-01
3.023472482414418794e-02
-4.791812945802991219e-01
3.314059718844034608e-01
7.718039833616912038e-01
-4.964666499066500149e-02
-1.335672453789115699e-01
8.733450136190382129e-03
1.525214941482103820e-02
1.090418341181427775e-01
-3.390577111832659973e-01
-2.637391536122382085e-01
2.672696750343100947e-02
-4.233019473661978616e-01
3.453705103381162766e-01
1.177411788612912957e+00
-6.869340440073840037e-02
-4.475367238770878719e-01
6.655108256021602386e-02
-8.910146101889326875e-01
-6.367190631166999015e-01
9.443278606212568427e-01
5.325474019193648934e-01
-4.648577872928499888e-02
4.908342924909542826e-01
-3.089038511505794449e-01
-1.055327796586103206e+00
2.718190626154387557e-02
3.691624252539028594e-01
-5.722945586919919725e-02
7.055410427830873799e-01
5.772301248587569100e-01
-8.436338916336406646e-01
-5.530867785707856976e-01
5.686730772939707634e-02
-5.563659516375805136e-01
3.319245210668082535e-01
1.338069378619734628e+00
3.917577675577932350e-03
-4.804848346445014240e-01
7.235023730888046067e-02
-7.481942192521358059e-01
-5.850303508364447236e-01
6.662684505591944806e-01
3.767645626484598109e-01
-3.050032198135058104e-02
1.760568748562024444e-01
-4.640764440547094638e-02
-5.702449947602432345e-03
6.477696748866924870e-03
-1.501269684171401275e-01
3.485052576802077917e-02
-4.649568430113821815e-01
-5.206421892505519455e-01
7.169043082649543264e-01
5.778089328613208453e-01
-6.667660977630163188e-02
5.384592466299445990e-01
-2.480759808344941697e-01
-1.352999730309488724e+00
-8.352138397639913281e-02
5.095931191890969991e-01
-7.785311753528290080e-02
7.405425093763114974e-01
7.222817628879464324e-01
-7.790723268063355356e-01
-5.930242208776063118e-01
6.252246456694188215e-02
-4.372959186502309858e-01
1.611722490762557969e-01
1.034827872645128544e+00
9.455914651491834078e-02
-4.027967786474352385e-01
6.183342638261979385e-02
-5.901081439742333901e-01
-6.516549818885019052e-01
6.859462758790130232e-01
5.914397273025400192e-01
-6.431122000321765064e-02
4.430960881884962732e-01
-1.370174664810872578e-01
-1.126784306447354833e+00
-1.387856233311562382e-01
4.546113962470716974e-01
-6.683124543648327753e-02
6.175548766643076393e-01
7.253532357725185342e-01
-6.973247407042122425e-01
-6.378833960972478678e-01
6.731752373149113566e-02
-4.397459498096534802e-01
1.029379911312214846e-01
1.115768770232650198e+00
1.708558350502835665e-01
-4.524039264507282443e-01
6.269660878860361386e-02
-5.732363546603809201e-01
-7.232427436286783529e-01
6.378676132496550188e-01
6.280685124134566255e-01
-6.370018654487735743e-02
4.052414382414368799e-01
-6.522317000443861312e-02
-1.051485491216911150e+00
-1.950392565383575749e-01
4.396127292215604165e-01
-5.745973900324224948e-02
5.400008757554514149e-01
7.505140608813245517e-01
-6.354861176421076063e-01
-6.972949899279546893e-01
6.927190725984166964e-02
-4.500729062530374747e-01
3.972739679366893428e-02
1.258582154958450383e+00
2.786962383322573733e-01
-5.475287741586873924e-01
6.495020907683901612e-02
-6.156700672813874009e-01
-8.866474508888071426e-01
6.555481959403486325e-01
7.181859388544959977e-01
-5.977007975440140619e-02
3.390305476667385687e-01
-2.307788871176746914e-03
-6.322486532490113609e-01
-1.139639452514344120e-01
1.117590515115873540e-01
-2.374672251632525127e-03
-7.498913954549463190e-02
-2.784619903279358932e-01
3.099637487169820682e-01
5.272400734781038656e-01
-5.425430147881871168e-02
4.149892978887443906e-01
3.429536961742463141e-02
-1.425880155450215403e+00
-4.291332222498481785e-01
6.730866527889541873e-01
-6.138703186332750139e-02
6.594084870564969059e-01
1.069672741708190156e+00
-6.436194943274996527e-01
-7.814098731236654993e-01
4.880029266994206916e-02
-2.593301142207563581e-01
-2.833855064197060569e-02
2.664532409803847535e-01
3.272599393257963687e-03
1.094707044780171973e-01
-1.654061219144864481e-02
3.071765584603485810e-01
7.345366457621536060e-01
-5.314567369686484799e-01
-9.105089945190940615e-01
6.468794586074189112e-02
-5.015372839934966187e-01
-1.282858913254515398e-01
1.530883578256283517e+00
5.310994773919535117e-01
-6.359557946964995434e-01
3.352592092849471239e-02
-4.611582244937635355e-01
-7.839587499805829029e-01
3.487211494241245768e-01
4.260668716152578028e-01
-1.468270972988788836e-02
4.933879519761787125e-02
-6.947094185847300235e-03
2.657721736874013585e-01
1.796045697530526397e-01
-2.870946413213079085e-01
1.355205029086914426e-02
-3.468179313706821754e-01
-8.362461345853282602e-01
4.555765205331508971e-01
8.773411649531897005e-01
-3.917916342951821562e-02
3.838277117153353624e-01
1.720192474276021066e-01
-1.209519299348005505e+00
-5.152117655084988979e-01
5.391377228077389727e-01
-8.925456748965721054e-03
4.018593005570743060e-01
9.183111981266093293e-01
-4.104522410486553530e-01
-8.191730404475733307e-01
2.511642375563505336e-02
-3.117052823695156127e-01
-1.728702064053779242e-01
1.016706357622825685e+00
4.815868194946641978e-01
-4.774184161078149913e-01
-2.816088690283491403e-03
-3.514928353806314743e-01
-8.925450354244470752e-01
3.650214398793760751e-01
8.255607706920042865e-01
-1.478828226096329246e-02
2.928465142995726467e-01
1.956652865697146304e-01
-9.730735574466231608e-01
-4.964190692543714589e-01
4.529559446639728204e-01
1.386276202999159324e-02
3.121954269312723351e-01
8.738463908177357409e-01
-3.249433651069181250e-01
-8.570161949856986983e-01
3.778482618469247711e-03
-3.049398296074464221e-01
-2.532552296326017194e-01
1.142087392328593465e+00
6.531944505778150001e-01
-5.670677136704611598e-01
-3.282066260379684630e-02
-3.650717858026032991e-01
-1.084753491830107830e+00
3.369874672901804202e-01
9.456415471695818198e-01
9.027728746541674454e-03
2.467275233430627490e-01
2.041003822093828968e-01
-6.586978231134410500e-01
-3.083641923300093346e-01
1.683261655030539872e-01
7.569368588180927504e-03
2.955609347943415934e-03
-1.531711717057484545e-01
8.651048182995155211e-02
4.422505499283574393e-01
1.475066793310669810e-02
1.996366130235379954e-01
2.540416062634431316e-01
-9.790134080026944297e-01
-6.877700861522968445e-01
5.368846728551546210e-01
6.530197973534085376e-02
3.114868168177069019e-01
1.134977094856633117e+00
-2.627813213975327411e-01
-1.057736015929378270e+00
-4.288586040619568607e-02
-2.618947605502102149e-01
-3.235752467839536628e-01
9.772317047926946110e-01
6.602775407560732557e-01
-4.409633507190662272e-01
-6.499140405817049881e-02
-2.138797698559429805e-01
-8.469024612799079810e-01
1.607038556038201671e-01
8.137564820371829821e-01
4.798221602741786773e-02
1.999314287024198666e-01
3.009979221788707249e-01
-8.755666422207946109e-01
-6.672052522432792010e-01
4.380343537099566364e-01
8.407984169720211787e-02
2.123975123215464111e-01
9.598643458533477890e-01
-1.437664001576860473e-01
-9.467641963430610819e-01
-7.220264056977615530e-02
-2.075420727378196328e-01
-3.528984930836776002e-01
9.160844732341417718e-01
7.345877039075554560e-01
-4.367113747794547640e-01
-9.888351490383837095e-02
-1.833710180277307589e-01
-9.062566985297406674e-01
9.519555984369176826e-02
8.713270507351839056e-01
8.187344935407342428e-02
1.713063570289449222e-01
3.403129486044015328e-01
-8.204548407500061868e-01
-7.155636248377519326e-01
4.032443575735151220e-01
1.111521853192549425e-01
1.604953460577967506e-01
9.154031836336322669e-01
-5.902242951663179416e-02
-9.230972653382898407e-01
-1.061383288477824038e-01
-1.682290365499212459e-01
-3.866822513370533065e-01
8.649068977593536989e-01
8.088213241827253430e-01
-4.221407273058463971e-01
-1.358889243042178951e-01
-1.481432758807794681e-01
-9.472173979716480563e-01
1.998296671207375891e-02
9.198514538584329214e-01
1.223354424834136034e-01
1.434915742687287721e-01
3.739043699607785265e-01
-7.587685587669175113e-01
-7.483612146742508742e-01
3.592872501975625799e-01
1.349423168741467893e-01
1.133892686923067550e-01
8.542319531314607195e-01
1.861785793268047953e-02
-8.938033142420969135e-01
-1.428232317931061868e-01
-1.348326393267635648e-01
-4.333638543305764479e-01
8.615508381186857134e-01
9.561974851998453762e-01
-4.426211137226711556e-01
-1.983604276762225560e-01
-1.279107629784133060e-01
-1.125078867687761885e+00
-7.225290945217335836e-02
1.099905619066077200e+00
1.854548045137237589e-01
1.204880526204085700e-01
3.976521360000283556e-01
-6.171617429836182556e-01
-5.866936348673987833e-01
1.862941986353831014e-01
6.289858378346808998e-02
1.412547510214336166e-02
-2.195804271107429373e-02
-2.087250854158102797e-02
3.655847560497546556e-01
1.049466431694068280e-01
7.138732041326845135e-02
3.709990644446868324e-01
-7.006108096745743419e-01
-9.476654616058060032e-01
3.855994121823465015e-01
2.345494252249147316e-01
8.298505484012719258e-02
1.091695657678416698e+00
1.645790115493824257e-01
-1.082574321270130424e+00
-2.348727583975767641e-01
-9.098879823946398604e-02
-4.644164296638407796e-01
6.959023990665270665e-01
8.973864324412802462e-01
-3.084745398644295755e-01
-2.069546018379345154e-01
-5.063240054092876807e-02
-8.814132964102647794e-01
-1.792534363095880101e-01
9.718870442381106756e-01
2.512248614565650295e-01
7.745749055952799722e-02
5.271584325231585266e-01
-7.813017679253833059e-01
-1.128219752289451483e+00
3.613902607777609854e-01
2.767530747434872040e-01
4.216607064757249557e-02
9.500631762920686008e-01
2.110846928442086656e-01
-7.938383976471437009e-01
-1.828272211201725228e-01
-3.037466582804992932e-02
-1.783003663202655242e-01
1.265580205245025736e-01
1.398388974174779795e-02
4.792963464028263121e-02
8.909268409960385826e-02
1.183168493160408064e-02
6.011915786473607248e-01
2.106052498687330798e-01
-8.715223649480609014e-01
-2.911724864415172198e-01
-4.531277649868487023e-02
-5.502592851239797023e-01
7.121127926933464858e-01
1.193328365189157747e+00
-3.070525971386651176e-01
-3.196700740580710187e-01
-1.034239135579972935e-02
-9.783443180690856167e-01
-3.206976392187059766e-01
9.659873085114512037e-01
3.093446338753683134e-01
2.689895177706280727e-02
4.567588664087348094e-01
-5.250003234243694195e-01
-9.286825486272758390e-01
2.107803908297822548e-01
2.620676516374814691e-01
-3.371513028102401943e-03
7.955332797607252981e-01
3.133532722163006046e-01
-8.717081159969685134e-01
-3.201187192201412901e-01
-1.438628635914329656e-02
-4.759876268865657623e-01
5.246929628666052725e-01
1.028633161897412718e+00
-2.059918926521285831e-01
-3.062295508480932238e-01
1.534306705357257883e-02
-8.500264386361866542e-01
-3.735130218014536263e-01
9.093930080799110804e-01
3.573506238404012825e-01
2.862242567147621486e-03
4.857218395066255079e-01
-4.905698425850419930e-01
-1.035900747698444091e+00
1.757503920176613499e-01
3.150349976030897836e-01
-2.511539212788316267e-02
8.061148998646239239e-01
3.953657609524020566e-01
-8.548963237492047673e-01
-3.633936973788747249e-01
7.834692144453647700e-03
-4.602012905210570715e-01
4.295999355522694962e-01
9.926450982860812733e-01
-1.404381085302675580e-01
-3.160640364962116200e-01
3.310468665712135161e-02
-7.763804763285927502e-01
-4.325549259922802925e-01
8.767661300680253955e-01
4.158983191788589995e-01
-1.944870280396332474e-02
5.255111138660192305e-01
-4.649956149095442193e-01
-1.207979815528951839e+00
1.383300471238578244e-01
4.059935221563485408e-01
-4.980779221629394460e-02
9.057199543089460292e-01
5.357848379159668717e-01
-9.328720339766847225e-01
-4.408500979588079183e-01
2.619666702253670154e-02
-4.070764195446868183e-01
2.746984823609261439e-01
6.168952718195580553e-01
-3.716336544610424064e-02
-8.539172831461050439e-02
2.346880975425139071e-03
1.129800518348701988e-01
1.756266064024187556e-01
-4.559881678759570844e-01
-3.325938257880123317e-01
3.277176359617850476e-02
-5.125566676022620394e-01
4.159492148174469550e-01
1.414252547090809387e+00
-8.225641176360465323e-02
-5.325048030972774349e-01
7.819620473664579130e-02
-1.023574226335364434e+00
-7.044403956658450427e-01
9.843381020732713260e-01
5.065249216466056748e-01
-3.846528719974995347e-02
3.278332168374760713e-01
-1.459513201569402896e-01
-2.598677004360807063e-01
-1.247654730058751926e-18
-9.258619728907573065e-02
2.798619885799974449e-02
-4.935917369109148467e-01
-5.036439443201599087e-01
8.468937976675277035e-01
6.055952296193534146e-01
-6.542214330963302960e-02
6.545895051341578119e-01
-3.915122398540261117e-01
-1.558661571008754798e+00
-4.425717645122395627e-03
5.247235188451740973e-01
-7.571925987573235872e-02
7.434713836031047185e-01
5.454559127987106404e-01
-5.723637602818543169e-01
-2.884158695934114780e-01
1.925574359284154546e-02
-6.952683984631399805e-02
-1.143997219563954240e-02
-2.610593160549733449e-01
-1.473163061401897012e-02
2.380487591579921181e-01
-4.700692565272085455e-02
5.691539543974346582e-01
5.961937692322242244e-01
-7.813940270922026254e-01
-6.063149365058470019e-01
6.792061518222336503e-02
-5.396166726364779453e-01
2.426293623355081086e-01
1.306235201030048421e+00
7.995485406465263623e-02
-4.857480757030007146e-01
7.417913393930652965e-02
-7.077570864046254240e-01
-6.944788173939235865e-01
7.553509900476729211e-01
5.806355184347171683e-01
-6.185240528440505425e-02
4.369030162758340552e-01
-1.624023703651848172e-01
-1.049434256939291821e+00
-9.626835388378540692e-02
4.106060131835406191e-01
-6.296230386258078182e-02
5.990467810058774933e-01
6.586119214554034818e-01
-6.897216985909627729e-01
-5.915913440840260273e-01
6.452185362089835063e-02
-4.425751114335533809e-01
1.363381914084729196e-01
1.117983956383212796e+00
1.374556162012357530e-01
-4.499595798163023574e-01
6.617541758835004950e-02
-6.123246373900482764e-01
-7.206968135903577544e-01
6.945785281247174314e-01
6.370345153925476289e-01
-6.739119542779831162e-02
4.410896679012131782e-01
-1.033833042689142334e-01
-1.121074868506387379e+00
-1.715881026620902916e-01
4.537409889089570880e-01
-6.275277362683123750e-02
5.722735063278994172e-01
7.228818515336651318e-01
-6.408290182216653808e-01
-6.290483884185372743e-01
6.359702454827986795e-02
-4.034305315341483178e-01
6.479448032125612045e-02
1.043521040795325039e+00
1.936306900980631074e-01
-4.372346537642387565e-01
5.733294846747427620e-02
-5.411536788319005753e-01
-7.559180030535257444e-01
6.434029998939285733e-01
7.093723147487103198e-01
-7.074106541884839228e-02
4.606977522604029374e-01
-4.068459243440114559e-02
-1.286712644657314053e+00
-2.837533119346260513e-01
5.537158938559797461e-01
-6.483954408431180649e-02
6.069127066091810629e-01
8.602342659774073752e-01
-6.233327030043347428e-01
-6.655314963789188409e-01
5.354916514394303384e-02
-2.899902717689529785e-01
1.843102354292219802e-03
4.498686295739118823e-01
6.316191140097628109e-02
-1.775098088548513267e-02
-8.035326222797109508e-03
1.822822528534570052e-01
4.472976794089521535e-01
-4.252383565896963313e-01
-6.620862335357622364e-01
6.418044495943386885e-02
-4.691788895394897740e-01
-3.735511208766512103e-02
1.503177474061791807e+00
4.377381046618993854e-01
-6.706954912622229426e-01
5.940148502733222369e-02
-6.185342458927425291e-01
-9.691493065122143147e-01
5.596664533285482523e-01
6.447398753674712379e-01
-3.737398628238175480e-02
1.753979248672333791e-01
1.447987666840397369e-02
-1.302285241663738227e-02
7.588921947680900282e-02
-2.133275682484155056e-01
2.366716683446173919e-02
-3.861609612638261524e-01
-8.572452542636233019e-01
5.899866987945164842e-01
9.739490879534675738e-01
-6.717881622794563690e-02
5.080260999392791632e-01
1.267502130581467101e-01
-1.481793849593027179e+00
-5.037625834879623232e-01
5.905771610878650657e-01
-3.039847426171332634e-02
4.060055395286330526e-01
6.629667196786178662e-01
-2.770038413982947034e-01
-3.010128399993576842e-01
7.573484834972776802e-03
1.077754044441092511e-02
2.827796068414802078e-02
-4.603388737324815017e-01
-2.579054262577850642e-01
3.793874469772686164e-01
-1.709019286537621918e-02
4.242275573983349535e-01
1.000043982845851387e+00
-5.344824230430058609e-01
-1.010339491314320437e+00
4.434648191200774026e-02
-4.240338073046077128e-01
-1.843775390934034308e-01
1.247269443053569571e+00
5.055607850016510252e-01
-4.964464300713811173e-01
7.580098777698218715e-03
-3.081820970234430135e-01
-6.198604713192019666e-01
2.364292296812376959e-01
3.877530760288714351e-01
-9.317853932887976143e-03
8.511338203392614099e-02
3.167881299184055477e-02
-1.061620368935512343e-01
-1.846176516772676107e-02
-6.819056732081351692e-03
-1.510457729718764353e-04
-2.832858283592527837e-02
-8.608842904298028009e-02
3.605963642445558087e-02
8.031098935678793183e-02
-1.326159930859931169e-03
2.269200672241897948e-02
1.216938732227229591e-02
-4.401850074069950380e-02
-1.389833995711920074e-02
5.329179541975335131e-03
-3.246493342931827501e-05
-4.206600774902193203e-03
-1.846900274127093872e-02
8.196960908581081562e-03
2.230046003873408650e-02
-9.099674711728067411e-05
6.139412256122534113e-03
3.779874192416833242e-03
-1.044162973840761718e-02
-2.182247715184815889e-03
-1.175275203254518399e-03
-2.241566382012857503e-04
-2.746951689955634806e-03
-1.164746544317568459e-02
4.471252331644172406e-03
1.430539663326980265e-02
1.475719695071993354e-04
4.184696393406373352e-03
3.469125251896286802e-03
-1.083542228169832693e-02
-4.694436792815202125e-03
2.175189197703466561e-03
5.634062135859748809e-05
-4.357828741848147696e-04
-3.723767032982141980e-03
1.506879386027600541e-03
6.212425113376952510e-03
1.691549923834812993e-04
1.833477055797778314e-03
1.792128993671403010e-03
-4.929873503970044063e-03
-2.146866077255879090e-03
-1.101202814084457525e-03
-2.228181291538601939e-04
-1.382941289661868871e-03
-5.815769313721854197e-03
1.433271880111735945e-03
5.736300000986764222e-03
2.158585606544683594e-04
1.126754169015825634e-03
1.057857843926029691e-03
-1.954347888419080432e-03
-3.884551324679312166e-04
-3.731162272554062759e-04
-1.410167031983062180e-04
-6.954934217411517031e-04
-3.375040003698475278e-03
6.918306736826151677e-04
3.416871787836617703e-03
1.778096479740831539e-04
5.807636611575380968e-04
5.716162092480388691e-04
-4.283544777211734447e-03
-2.350746386118532025e-03
8.494980057533861205e-04
2.666309204148248010e-05
-2.593034745317423042e-04
-2.469034129925679749e-03
5.258126300748155232e-04
4.184234067948772694e-03
3.483569979369502759e-04
1.008996154530255630e-03
1.602505847987354109e-03
-3.567964229940866119e-03
-2.185727528331135074e-03
8.094578342089508039e-04
6.076787264606235413e-05
-1.184763167382725003e-04
-1.658169872328621799e-03
2.705711290883828818e-04
3.139636782612021532e-03
3.319016772828397351e-04
-7.131756643976894542e-04
-1.375824231842826938e-03
2.964972165370078488e-03
2.051509948476626637e-03
-7.483437181886662534e-04
-7.320215346670437290e-05
1.009444321398383730e-04
1.741546741660299430e-03
-1.805219579139520462e-04
-3.695215378802282034e-03
-4.944739587876972875e-04
-8.361450102798337856e-04
-1.897551386145106917e-03
3.862321145292192497e-03
2.965827571668567392e-03
-1.079289155221048674e-03
-1.634065201568184970e-04
4.586049763556553842e-05
1.778555664680382372e-03
-6.770221350495530263e-05
-7.974055177345311038e-03
-1.173862768489949970e-03
-1.414182829822897402e-03
-3.472618086445552772e-03
5.958419208754529676e-03
4.183271192493883371e-03
-9.446932627058246806e-04
1.083447691167999701e-04
4.988657923495885306e-04
6.669307994097047054e-03
1.988014441119801789e-04
-1.137172971425240778e-02
-1.964580577169478502e-03
-1.848476449044755311e-03
-5.474484970775347209e-03
9.183705867165593145e-03
7.629172339064373837e-03
-2.124654568342607911e-03
-2.642790605303709395e-04
2.855676394479644397e-04
2.826342127112784625e-03
4.171579280462784202e-04
-9.799975664816816881e-03
-2.186115575364334061e-03
-1.721104753669801257e-03
-6.462088413801757129e-03
1.078236901070273555e-02
1.030503556896197014e-02
-2.922308344270113482e-03
-5.834828035473091715e-04
2.229004705181019622e-04
8.057586776575743209e-03
1.487918233385718486e-03
-1.932501613335992768e-02
-4.735619456898045379e-03
-2.839509094304453612e-03
-1.296733499660943610e-02
2.100257979802275590e-02
2.325475829544604994e-02
-7.125690236213810293e-03
-3.532822356182466900e-03
-6.239806007125054538e-04
8.504684921968192748e-04
1.580098680440733105e-03
-2.007648556949922711e-02
-6.341782826137350171e-03
-3.104876828795151769e-03
-1.804716167882572386e-02
2.787442189279636801e-02
3.290622523166188834e-02
-8.658935468816054970e-03
-2.962881845954098980e-03
1.882187993431873232e-04
2.155713230523745999e-02
8.237623036296201628e-03
-6.440784309983660361e-02
-2.104153633171525553e-02
-7.525524030167266704e-03
-5.564975788051568228e-02
8.459347719673902810e-02
1.216667216547875074e-01
-3.475367681833953920e-02
-2.115190841552513912e-02
-1.932035663097620565e-03
-7.667643003760166685e-04
1.365190338235965431e-02
-1.283543788504643568e-01
-5.710945835155725736e-02
-1.724848401184021773e-02
-1.922163551408642423e-01
3.227026816778580942e-01
5.920038142181500707e-01
-1.972869438038980516e-01
-2.010552691719632024e-01
-1.978530666749400702e-02
-8.340885168485757672e-01
-2.568181799099403251e-01
9.666233407919881948e-01
3.003731301845105062e-01
4.416725766224499639e-02
5.146777297017772757e-01
-6.430282983972552824e-01
-1.048795863376550175e+00
2.647352062005288165e-01
2.725567438287330724e-01
8.795210888049243003e-03
8.375073228612357479e-01
2.790577077401876216e-01
-8.628495596078018526e-01
-2.862529901407957489e-01
-2.598273279772284061e-02
-4.629288390585645785e-01
5.594506472159226362e-01
1.039193033374964159e+00
-2.465819756785546102e-01
-3.182320388028392344e-01
4.210420891467614446e-03
-1.010662530730250586e+00
-4.001042192281135113e-01
1.104011956274792094e+00
3.951135494613661758e-01
1.722264158274461332e-02
5.383354719637614139e-01
-5.485152152399428438e-01
-9.677626730916826236e-01
1.685202642093994174e-01
2.077935095696856194e-01
-8.042257259349483434e-03
3.039114551206704151e-01
6.796522960694527382e-02
-1.246127040440845636e-03
6.427385343121411188e-02
1.022179268155759546e-03
2.554294620803249094e-01
-3.345441852786216752e-01
-8.513502523595422034e-01
1.657206525465389491e-01
3.287597896560759958e-01
-2.820710818048932644e-02
9.526731333828408754e-01
4.842190394595604075e-01
-1.073402018260231960e+00
-4.577825859937544317e-01
9.786329548060246353e-03
-5.643965202117038338e-01
5.131884711475627192e-01
1.148002818730872843e+00
-1.565936365191437085e-01
-3.390512220538757782e-01
3.415697760085190104e-02
-7.716647531149135597e-01
-4.153910274011602954e-01
8.167906325106223386e-01
3.775942924742040629e-01
-1.729062082718130222e-02
4.596207077635304783e-01
-4.018628132420273280e-01
-1.035959021712299144e+00
1.182298622114349995e-01
3.474734896200765144e-01
-4.276234578101811845e-02
7.887989031936788464e-01
4.779876170936323554e-01
-8.634177408095813355e-01
-4.305354582021009291e-01
2.761692009506122591e-02
-4.779378061923801879e-01
3.753907627217448750e-01
1.048301495887370649e+00
-8.771717346661001002e-02
-3.535955004444236160e-01
4.869214408831129548e-02
-7.607633683595260710e-01
-5.157324724009835215e-01
8.758974678936199965e-01
4.868808709617085118e-01
-3.973703337392059387e-02
5.428323966090287112e-01
-3.990750551439833371e-01
-1.261792378076933119e+00
6.979021665999540769e-02
4.341237686216229963e-01
-6.182957907337172099e-02
7.896907603712293167e-01
5.317618710399003579e-01
-7.264627537878238783e-01
-3.634029530718501655e-01
2.644109586997811512e-02
-2.084130997940198127e-01
7.695363973647453837e-02
4.888742907097358426e-02
4.740941838154703880e-03
1.474143901436434922e-01
-3.507268728542256575e-02
5.652200043319128842e-01
5.510932427049113347e-01
-9.024458778192971931e-01
-6.343479739255306615e-01
6.768957226801142202e-02
-6.705395989210438668e-01
3.951658766215785379e-01
1.557949901081603361e+00
4.373872341779494466e-03
-5.112992323677014728e-01
7.241246856245719954e-02
-6.926073531993786059e-01
-4.887067902351360793e-01
4.813389988086516080e-01
2.151814336453048704e-01
-1.048229463818461937e-02
-1.285425209770471415e-02
5.723607718779233355e-02
4.822277620650516905e-01
2.202607211171309087e-02
-3.221526646408833239e-01
5.978488999365716428e-02
-6.915899043112007094e-01
-6.977601681348504226e-01
8.844226472190162003e-01
6.649875257428963238e-01
-7.224500506018682877e-02
5.530373646615154293e-01
-2.413760661151883868e-01
-1.262977507719508452e+00
-7.529653538990821460e-02
4.471050393728329686e-01
-6.708158889407073167e-02
6.333147154305482918e-01
6.204456580554573719e-01
-6.807705236854919573e-01
-5.336778360405515231e-01
5.857065472981087817e-02
-4.297940855493612711e-01
1.668711609917487571e-01
1.128608741081799316e+00
1.082049239369115567e-01
-4.801162377262923053e-01
7.602135682487276558e-02
-7.396157481408054402e-01
-8.217387333933143800e-01
8.577525971159389861e-01
7.218771574943263492e-01
-7.585316994052571093e-02
4.904608496690469610e-01
-1.386764465421954085e-01
-1.008822763300595504e+00
-1.050852851274870214e-01
2.722967830088467434e-01
-2.824741651590509384e-02
1.427305069137386750e-01
2.037325772698390935e-02
1.267553238429088847e-01
2.506986898550103149e-01
-4.036634869077215804e-02
3.497760424208480878e-01
-1.002799053863934475e-01
-1.261139379622719270e+00
-2.150738603190942011e-01
6.133364054807290966e-01
-8.890903783858417064e-02
8.277066179806774615e-01
1.035767188764712188e+00
-8.891833900745950148e-01
-8.208744771913554228e-01
7.543333793515072383e-02
-4.169520164228364134e-01
5.515814388168738258e-02
6.734728482081415724e-01
8.202842597947232472e-02
-8.536780587781120366e-02
-1.713781358751912884e-03
1.310896676475412082e-01
3.278346399600126637e-01
-3.850169245719028965e-01
-5.201696828311545007e-01
5.927445186994406701e-02
-4.211568580427368924e-01
3.928672422700207889e-02
1.282748077191795844e+00
2.874742273508715806e-01
-5.608371023801667077e-01
6.603019569875612227e-02
-6.201065079951895154e-01
-8.880033602379421298e-01
6.590463124866817735e-01
7.367129499339170051e-01
-6.413043102202481416e-02
3.942851656677230920e-01
-3.060031786571715262e-03
-1.029215748036469869e+00
-2.565450394998031181e-01
4.428916500092899833e-01
-4.761590564512613311e-02
4.948635128660914817e-01
8.140047499396132480e-01
-6.016562197507497878e-01
-7.897295610711313474e-01
6.789893382447009795e-02
-4.554918115196000539e-01
-3.407332850531569202e-02
1.318245789359432596e+00
3.718432887222768435e-01
-5.541491226042537521e-01
4.791271300719446291e-02
-4.873108910759668122e-01
-7.434849108528260864e-01
4.145397357902719238e-01
4.525973354062275966e-01
-2.381053545785344339e-02
8.874854102262408340e-02
1.709995053340901752e-03
2.005151664967256553e-01
1.383292657012367699e-01
-2.917905498302484912e-01
2.894045832673736163e-02
-4.446503623446111386e-01
-9.501009148409447214e-01
6.362095722504592654e-01
1.027540284678064353e+00
-6.952757453965341394e-02
5.162069744298277696e-01
1.267084736056619532e-01
-1.450423911578333502e+00
-4.811529075649879639e-01
5.474447270363390627e-01
-2.711645587495048471e-02
3.436029044701996993e-01
5.182908024787136192e-01
-1.882025253754244509e-01
-1.442543233215379805e-01
-1.217510707429670172e-03
8.193695742565522411e-02
5.161157758736688306e-02
-6.489276593116133363e-01
-3.217193500966895603e-01
4.382917709556073405e-01
-1.867156139555892214e-02
4.434483484582993351e-01
1.007814754165981874e+00
-5.223654792823233528e-01
-9.628395949093134787e-01
4.132922375572434248e-02
-3.904143742440697729e-01
-1.692153281402533627e-01
1.154187414689045621e+00
4.787295446886767336e-01
-4.902181529195248078e-01
7.992663352777429342e-03
-3.572504687351792940e-01
-8.180221542705461424e-01
3.700423930118780791e-01
7.547560853794614832e-01
-2.385050464687576977e-02
3.069799518624080070e-01
1.771906601132079984e-01
-1.085279286757772077e+00
-5.342189013528613195e-01
5.478254156129135355e-01
3.319948631260227767e-03
4.219809980006770100e-01
1.086278087564454653e+00
-4.414006865216183462e-01
-9.753069943730194868e-01
1.671660645615935525e-02
-3.083853745288593906e-01
-1.852919842282988727e-01
7.891278794895252302e-01
3.205164822274349512e-01
-2.057225550054258556e-01
-3.360678165123351380e-03
-5.899306460056129471e-03
1.801153370606770054e-01
-1.370803656654366320e-01
-5.301555703203757464e-01
2.980932109353795489e-03
-2.830843769685628675e-01
-2.621949538311750261e-01
1.268576387157942520e+00
7.559227642402696068e-01
-6.681786944380557758e-01
-3.885992048425818135e-02
-4.251240256033392284e-01
-1.224508775739202360e+00
3.636299965933060818e-01
9.605742587522602127e-01
8.470568664027400274e-03
2.081208014753646030e-01
1.478659585752162275e-01
-3.725730460910490205e-01
-1.016467541101468974e-01
-1.598270464764171492e-02
-9.406027568478969592e-03
-1.166290962660501418e-01
-5.412189763364887440e-01
1.879409045809983803e-01
7.583971532306756913e-01
2.174976883222462520e-02
2.637108173847954040e-01
3.078469003761624134e-01
-1.105497210463458391e+00
-7.272061327505073836e-01
5.403560878901463305e-01
6.311754348696185790e-02
2.916041940511620023e-01
1.037723528261798034e+00
-2.366229662660876421e-01
-9.458885745485730023e-01
-3.840022313842017532e-02
-2.366144785089022429e-01
-2.969705340088408252e-01
9.159377297606616786e-01
6.341792505805258218e-01
-4.345407696077475124e-01
-6.563626666588673331e-02
-2.206464677409174513e-01
-8.880263474915230937e-01
1.702264432535612326e-01
8.651166723013326010e-01
5.087917022713711601e-02
2.103287489384590425e-01
3.153853288041326142e-01
-9.038366067284194783e-01
-6.829442207786778907e-01
4.407856561979400789e-01
8.324233609015235791e-02
2.073187380154457027e-01
9.266096967883835633e-01
-1.377947860866831631e-01
-9.048639718546673816e-01
-6.911561871911320321e-02
-1.998097319147988382e-01
-3.429306401833255302e-01
9.010139900182390083e-01
7.325147554303813591e-01
-4.417392734143463784e-01
-1.013861082341435682e-01
-1.902084487301247684e-01
-9.481707914337492715e-01
1.000690717791206247e-01
9.161527509551081749e-01
8.570134505736620723e-02
1.777329105497532091e-01
3.457032668256236896e-01
-8.207246189539143533e-01
-7.042818148902014741e-01
3.908234007477042748e-01
1.063589015607691035e-01
1.522762690953100573e-01
8.661385469720586094e-01
-5.606675012839637540e-02
-8.865648132336203524e-01
-1.037620124573370162e-01
-1.683827669645886760e-01
-3.980061542136764663e-01
9.178662642861722398e-01
8.855391352946748729e-01
-4.761187207949161282e-01
-1.573122580977339702e-01
-1.749955654749241196e-01
-1.132338310929461578e+00
2.375770556358212243e-02
1.079688502671511507e+00
1.382288322430750283e-01
1.539247288285654491e-01
3.703083066154260194e-01
-6.684504697067690238e-01
-5.568160615114025047e-01
2.088749463542915741e-01
5.360234537967285828e-02
2.251616889473416483e-02
-4.771467087447509026e-03
-3.821840303903098826e-03
3.494641755143753636e-01
7.926851626617206770e-02
9.335741634732624972e-02
3.472052030093476516e-01
-7.600115394596784757e-01
-8.969829498264236811e-01
4.307055164479303144e-01
1.967580821914505229e-01
1.274448682785556120e-01
1.122818876532809984e+00
7.168751486117175276e-02
-1.096748763432900509e+00
-1.878352709017625521e-01
-1.261883377196284794e-01
-4.424241470538899934e-01
7.586928786759850052e-01
8.438628697107958265e-01
-3.420717791908270966e-01
-1.713720970912063768e-01
-8.174221261135661276e-02
-8.778336987630205313e-01
-9.769517007883883608e-02
9.537295877818445788e-01
1.985308432552863600e-01
1.101033733282789084e-01
4.982466187958906056e-01
-8.530021804761188653e-01
-1.072548839490833350e+00
4.129998945495966245e-01
2.385095966013507929e-01
8.007255839771487693e-02
9.921341767752194230e-01
1.386947298183632271e-01
-8.242004108674595431e-01
-1.549647953478026641e-01
-4.860760088263690881e-02
-1.777218109269487756e-01
1.435465227995614823e-01
9.156018152710089508e-03
6.045065652992570593e-02
8.265066978396293229e-02
2.968511960562580931e-02
6.568525181038074034e-01
1.558160113385151646e-01
-9.298630802694483055e-01
-2.539129429051663056e-01
-8.031634983772195646e-02
-5.495489534482140837e-01
8.057216562206899191e-01
1.147082447412951511e+00
-3.596127012868158279e-01
-2.726699766617732279e-01
-4.161205970678039101e-02
-9.569823599942470782e-01
-2.231488497933298287e-01
9.163217692869259912e-01
2.437215074493973566e-01
5.077991633244050007e-02
4.277181239977595473e-01
-5.809242416068484127e-01
-9.100517105973058296e-01
2.705331322019361995e-01
2.546371684676612124e-01
2.377431815482322630e-02
9.699875730653055861e-01
2.930403677207865654e-01
-1.091256594346163844e+00
-3.366901171029288986e-01
-4.894901670448864595e-02
-5.607792417353549830e-01
6.843193120790680428e-01
1.073211268067904234e+00
-2.545599906761840669e-01
-2.382822889394043964e-01
-6.663850782435198905e-03
-5.111936972392190359e-01
-1.211780164708091412e-01
2.029066003039800836e-01
6.541757820585004067e-03
-4.949536116283334564e-03
-1.816866163163529668e-01
3.204388518615473580e-01
7.531619465780288181e-01
-2.085698525760491251e-01
-2.981614457798809070e-01
4.215811348197262554e-03
-1.054521144365696994e+00
-4.273742292603253112e-01
1.196205626367046193e+00
4.309737337126996470e-01
1.877339124007054716e-02
5.859930488950515493e-01
-5.980810918708678869e-01
-1.065242109129006742e+00
1.899896523751126165e-01
2.461440917874732348e-01
-1.048681641604676251e-02
4.799719191860793988e-01
1.681867134416379639e-01
-3.119912726182422769e-01
-8.768235720701138269e-02
-4.551772513678165044e-04
-4.146945897922373059e-02
1.232492814900635475e-02
-2.242387319990243877e-02
9.743158601646964914e-03
2.433867094256396413e-02
-2.222826874692371280e-03
7.643071566045565868e-02
3.551651850211556827e-02
-6.832339570186292399e-02
-2.379217534396141365e-02
3.833544131323640691e-04
-1.467410499921138062e-02
6.752969823045503438e-03
1.536055906388356009e-03
1.378144144312485556e-03
5.650887156916383804e-03
-7.451359767232119263e-04
1.854374217276034964e-02
9.717153911910438729e-03
-1.656765853307995418e-02
-5.790214499318265678e-03
1.610002683684668909e-04
-1.373127450829398364e-03
-1.192610690551479261e-03
-8.342392987495363815e-03
1.413060363722358926e-03
6.406655061558037129e-03
-8.328504106720896472e-04
1.491898149441487319e-02
8.135525105591817630e-03
-1.213567416351434176e-02
-4.441969714072081452e-03
1.693941972522299694e-04
-8.842840174828786896e-04
-8.201747086241808300e-04
-5.916350579999632431e-03
7.237364561593503075e-04
3.471305522229533973e-03
-5.000461536208630764e-04
7.350295353312890842e-03
4.209575608635740020e-03
-5.272981558006703713e-03
-1.712545887848457727e-03
3.676056163791065158e-05
8.305009447549787510e-04
-1.468963582671060485e-03
-2.586060572915956698e-03
2.450248298516781963e-04
2.042426858034581284e-03
-3.467167675149044476e-04
4.911494237270977795e-03
3.482362916556731251e-03
-4.797033854552791403e-03
-2.318022760484503373e-03
1.541764710911882035e-04
-9.972001304045024703e-04
1.842927440514389407e-04
-8.995483301748330180e-04
5.866452914766377529e-05
1.171340093786555443e-03
-2.170240183233128253e-04
2.806594016338258800e-03
2.170543553459740316e-03
-2.715426644361809087e-03
-1.358025362666645313e-03
8.934488815534851868e-05
-2.221065447820975546e-03
9.425121806165865247e-04
2.106394117715700183e-03
1.022575076392733570e-06
5.003321973399363094e-04
-1.674537830625175226e-04
2.653026858569177294e-03
2.772304979154281701e-03
-3.942384197147613505e-03
-2.691292244273365934e-03
2.614484388492118068e-04
-1.879124367662537813e-03
7.311350762848418863e-04
2.068495018719131336e-03
2.185336156751305366e-05
2.634534537705613007e-04
-1.164062855716443447e-04
1.846380404124928296e-03
2.163643077671016136e-03
-2.913656952040011641e-03
